6646
3045
7447
3394
5804
3466
2877
7300
2933
2760
2562
3391
4966
4756
7340
3517
5680
5690
3845
4799
4701
2501
4437
5813
4089
3472
3453
4677
4042
4570
2612
6719
4391
4278
863
1631
5449
1600
3736
4438
209
4568
6885
1906
4034
2791
6077
6341
6903
2283
4261
457
7421
2891
192
4703
4483
5849
6760
6705
6276
4603
7441
6651
5790
5848
6307
6343
6943
4262
6450
5099
2527
4885
6975
4214
2525
4831
5576
3353
4801
6875
2655
3707
4007
5933
1608
1602
5872
3996
5010
2571
3866
7335
4131
6088
6208
6188
3220
2626
5361
3349
5370
4869
6274
5015
3826
3863
4888
5436
3447
5481
5885
3305
3787
6789
2547
5377
4008
4869
6785
3991
5100
4880
7306
5240
5086
5222
5987
5127
3249
5262
2724
4748
6393
6227
4239
7235
2040
5121
7219
6743
3720
201
2666
3771
3285
4696
6069
2496
6031
6102
6802
4557
3983
4263
2791
1606
3163
3378
6797
7126
4866
5669
5181
3655
2833
4229
6957
5993
3569
6840
5993
3547
5636
3205
3318
6505
2931
3990
4674
2757
6249
5092
3988
6186
6819
5627
6524
529
6703
7249
5773
3041
5918
5151
4437
6440
4426
4856
6708
3131
2602
1092
3411
6352
5664
4272
3998
5691
5428
6945
6071
4970
3162
7386
4006
4427
2006
7070
5787
3052
1604
1606
4466
4438
6686
3963
6799
6396
4681
7355
4512
4881
6248
5910
3767
3238
6764
6203
2645
5748
3937
3390
3209
4391
6023
5213
6087
4344
3860
2699
3867
433
6798
6337
2820
4438
6576
6735
6621
3411
3627
3367
7183
4711
6372
6414
6836
7309
6039
5015
4090
5829
3838
5152
7347
4471
6592
6187
5773
2676
4344
4850
4886
4572
2820
4320
4291
3874
6186
3064
7342
4974
1891
4680
3204
4235
5286
3656
6169
5967
5921
1600
3453
6928
6561
4097
2848
3301
6298
3759
1609
4300
3327
5545
6234
4593
5190
6274
2726
6378
2317
6186
5017
3008
7411
5639
5972
4763
7295
5143
4239
5006
6940
2986
318
2765
4419
3682
6240
3465
2778
6295
3349
2083
7016
6788
4572
4013
6721
4932
3033
4002
4885
6833
2658
6484
7098
6238
7207
4063
2600
3851
6799
2529
7219
1609
5745
6811
3355
3062
6742
7047
4460
4073
1455
3682
6021
5442
206
7098
6297
4233
6595
4653
2582
4902
5890
6883
4396
6206
4392
3452
5790
5133
6682
6737
6022
2986
6615
246
1608
187
3118
3902
6525
1880
1676
2348
4216
2998
5847
3822
1607
6505
2609
3696
5015
3196
7035
5323
6077
3762
6483
3437
3462
4866
7041
5030
4307
6666
6130
5081
6405
7269
7450
7035
6500
4494
6826
6130
5921
4673
4785
6686
5758
2758
6023
2008
6048
5847
6682
4527
5428
3825
7127
2138
5861
2256
6436
6484
4073
2919
2524
322
7367
5309
7075
4931
4216
3260
3870
4426
3026
6270
2699
4272
2607
7072
7127
7237
6220
2644
7147
2880
6227
2562
6505
6813
6115
2651
2746
6521
5519
3501
4333
1604
4940
6247
4484
6663
2348
3678
4576
223
6798
5555
6961
6493
5216
3485
6938
1197
4711
3103
6352
4158
283
4825
7084
7063
5793
2713
6782
6294
6521
4246
4406
2965
6665
6388
7416
4650
6416
5979
4007
6320
4283
3712
6660
7124
7072
6578
4439
7448
6645
5593
194
7436
7334
4385
5536
4732
4310
3902
3556
6584
7061
2723
4883
4654
2803
6499
6693
5926
5653
5987
6609
2754
7012
5126
2613
1679
4023
432
5099
6232
6481
6188
2700
4221
6684
4661
7054
3065
6700
6574
2544
6188
6345
2867
2699
6309
7299
3698
5213
6627
6718
4738
7077
6494
6215
1609
4221
2700
3788
6521
6245
4429
7010
5611
526
3712
4746
5421
6187
7215
6716
6633
6471
228
1944
3052
4306
4647
4227
4755
2740
4734
5437
6775
7076
4289
6371
5086
6680
7417
7020
6647
6562
3710
7019
4316
3328
4866
4767
6416
6579
6305
1434
4272
2660
3075
1607
5084
6809
4503
2849
6673
7081
2414
6268
2734
3000
6952
5791
5314
3062
6940
5599
6167
7109
5201
2580
4322
7416
4935
6802
4430
1454
6219
6085
3285
6364
5619
4270
2470
3986
7103
3457
3820
3651
4052
5479
6296
6612
2749
7127
3561
5862
5186
4808
3274
6363
5163
6386
6947
2072
6520
5640
5775
5266
6007
6305
7336
5590
7063
6385
3108
6401
7017
6110
6544
6389
4767
3296
6722
4307
2617
6366
3122
2831
7050
6975
4411
3327
3618
3610
5889
2140
7153
4189
7220
6799
6724
6231
5641
6616
7418
4314
4427
6688
3602
4718
2912
6258
7242
4896
4988
6414
3824
6068
5262
2843
3582
6471
6538
6470
7150
4385
5231
3952
2747
7011
7306
6387
6479
4891
5645
4683
6400
3558
6434
6938
741
5241
3822
2931
6485
2667
5747
1605
5921
7244
1249
3405
4702
3197
2534
5346
2668
6280
5679
3481
2549
6801
4417
3804
6522
4960
5606
4208
6947
1766
4476
6137
4713
4233
7232
6220
6240
6746
7063
3230
6539
5451
6344
6231
6371
6195
4065
6704
5558
6052
6508
7062
5053
5046
3382
5775
3776
4646
6800
2864
3186
7076
6549
7377
2898
1606
6195
6715
5546
5814
6358
250
6435
1605
1604
6958
3385
3034
6371
5593
7125
4529
5067
6727
2561
7205
7106
6541
6971
4983
6970
6679
6704
6724
4654
5628
2960
2914
1603
5632
4769
6223
6211
7371
1600
5088
7028
5747
2578
3437
5528
4742
7124
1743
6130
5493
2942
7008
4529
7331
3139
5335
2776
5888
7199
4507
3163
1407
3382
4527
4095
6395
5373
6107
3730
4044
6230
5318
6128
4979
6370
4066
1600
6631
6371
935
3823
1698
4360
7092
6357
5491
7042
6489
5261
6396
3711
1603
6330
6928
3442
5087
7198
4764
5406
6393
6275
5144
4307
3497
1606
4590
6160
5167
5979
7095
5566
3023
4552
5145
6141
6757
6472
5727
2886
1609
6206
4923
1624
6863
6300
6605
5599
3131
6350
6266
6726
3385
5572
2577
3778
4987
5414
1602
7222
4045
4922
7201
3089
4240
2897
6686
4966
6343
5096
4436
6382
4327
107
6763
6643
6879
3559
5371
4866
3267
6352
2886
3689
2692
4706
3576
7140
1952
7088
3778
6595
6575
3672
4834
6102
7105
6646
5212
3264
4317
3841
3475
6210
5395
1045
2966
4718
5634
7311
5916
184
1814
6166
6857
3998
6729
327
5334
3732
5472
6240
3064
2919
2677
2711
3173
3712
6520
3663
4938
2291
6361
7049
1607
5194
5810
2270
7336
6714
6294
5966
1439
6026
6006
7010
7137
4513
7164
4924
5115
6038
6975
6721
236
4281
3294
4306
7343
6716
3776
7283
7329
5532
7031
7453
6707
4432
4427
4102
6562
3064
2276
319
5967
4757
5607
5766
3841
1603
3782
768
3307
2798
7214
2815
4746
3339
4704
2743
1427
5778
7046
4876
2636
4603
6422
6863
6394
7121
3022
2228
6367
5788
2568
5490
6215
2051
6469
7098
6696
2821
6656
6074
6781
7008
2217
2505
6627
4270
7020
4975
2569
6828
7309
5151
1606
4629
7014
967
3920
5387
4869
1846
4151
5760
3130
1600
6721
3548
6387
3104
4487
7331
5519
4656
2712
2672
2515
4426
6315
5019
2715
5636
4436
6565
5414
2991
4230
7293
7187
3563
1182
7128
5384
5811
4563
4194
6201
7016
6230
6266
7021
5947
6251
6753
7324
7097
4869
2755
3856
6799
6558
3043
2969
2423
6202
1143
5810
7010
5340
6456
2170
6414
2495
4656
7199
458
6485
6343
5567
3087
2975
6610
5773
6619
5919
6266
4130
3392
3658
6683
5529
6129
3360
1643
4575
3198
2537
7020
3304
6535
4575
6202
6490
5635
3400
2309
7274
6554
3400
6046
2300
1607
5324
6275
7334
5038
3986
4895
7255
4455
7046
5328
4688
5987
6567
4014
1046
6412
3602
2707
5335
6990
3861
6042
7207
2402
5230
6386
5467
2974
6252
6633
4481
1606
6406
2769
7119
5766
3362
3383
3031
4383
5973
4004
7162
2966
6829
5890
7165
4916
6338
6547
6000
6116
5872
3800
5053
6115
4720
2406
4288
5526
4867
2541
3381
5530
2790
3710
6965
3462
6701
5503
6459
3776
5158
6896
5159
6716
6387
2358
430
4539
6196
6769
7231
6747
3882
5810
3846
5329
5176
5875
3144
4375
4435
2755
7119
4355
3704
6492
6753
6807
6545
6666
3682
6352
2712
3444
4219
5581
2469
2337
5002
2514
3426
6694
3417
3987
6714
3711
4681
3001
5316
4084
5222
4359
5338
6942
7092
6230
187
4371
5086
4992
4704
5391
6939
4719
4238
1608
7183
5643
3024
5669
6904
6545
4870
6210
5362
5811
3244
5901
4534
2974
7219
3205
3020
4262
5723
6095
1623
1605
2909
3426
7371
6269
6826
6732
5200
2492
178
3517
6488
5858
2725
5068
2966
7015
4022
1604
6502
4747
285
1877
6837
3935
6074
3051
5987
2656
6893
5533
6251
2668
6912
7035
4922
4601
3857
3986
4751
6788
2576
2557
2243
6468
6230
3882
5931
5341
7122
3867
3637
4945
5363
6917
2877
7016
4388
5226
6722
4437
6772
3648
5171
4930
7297
2768
4274
7008
4005
3130
5282
1600
1606
5642
4059
3758
4534
4566
6217
3656
3951
6489
1606
6806
2832
6399
5473
7302
2415
3151
3341
3714
5122
5758
3814
1600
4731
5819
7137
2908
5537
3825
6304
2878
5547
5545
6238
4573
2667
2920
6784
7317
6348
2812
2028
5127
6286
4129
7249
1495
4000
2684
1687
4869
7247
4573
6695
6280
3019
6404
4454
5583
3620
6565
7093
6882
2765
4487
2550
6820
7036
3019
4446
4933
4126
3682
5696
3426
7307
2843
6832
4319
5943
6066
5114
4331
3139
5389
246
4182
4957
4755
3315
6196
7308
2765
6031
980
6230
6570
1609
3107
7267
6500
2613
4131
3441
4984
2765
7008
4647
5461
2474
4936
4089
4946
3051
2988
6812
6246
6202
4982
6643
6933
3511
4223
7175
5971
3329
6870
2833
3972
4268
4053
6737
6693
6716
3337
3756
3622
390
2655
4846
4537
4888
2820
5085
6802
6798
6358
5250
4652
2659
2141
6358
3052
4932
4326
2689
7162
6186
1970
6825
6232
3943
6811
2413
4673
6210
3927
6966
2800
7022
2639
3079
3672
3601
6380
6921
5480
5598
3864
5855
5345
6824
4088
4086
6210
6032
4297
2576
7156
5255
4572
7314
4711
5223
6907
6328
3802
6585
2479
6386
1604
4446
7439
5869
6350
5415
4800
6566
5939
1097
6483
6057
6682
2471
5561
3261
2636
5183
3377
7037
6022
311
5005
4526
7015
4413
1908
3646
3130
4646
4217
7025
5019
6680
4066
1601
4027
6292
3662
7142
6191
4715
6230
3075
6284
7217
3407
6529
5746
944
2537
352
3165
2514
293
7231
2988
2470
6780
7127
4666
4445
6970
4828
2735
3128
4767
4483
4061
7378
6488
7122
6499
4182
4782
6436
215
3725
6234
7147
5308
6270
6210
2710
4968
7360
5966
5756
2810
2617
4445
5832
7403
5979
6350
4837
6607
2634
4681
5872
2880
6435
4934
6204
4667
5045
3429
6578
3844
6246
5976
7114
5065
5648
4372
6023
7041
7222
4427
5141
4089
6194
6564
5087
4795
2205
6773
5062
7417
2515
7077
5304
5806
7159
5334
4645
4120
5591
6715
6811
1609
6694
5374
6882
2845
6686
6678
5585
1953
5598
6230
4506
5394
2909
6826
4436
3786
4518
6241
7171
5636
2102
5372
2525
5583
4209
5151
6068
6843
4479
7005
2920
5803
4788
5825
5113
7016
4806
2414
2331
5185
1765
7350
6727
6239
4681
4263
6276
2701
6723
6884
3786
3839
6401
5598
5225
6000
3007
5355
3452
4718
5253
6789
6580
5586
6476
5153
6679
6852
3619
3905
6994
3682
6816
6561
7383
3831
6198
3602
3007
299
1926
2072
3710
6588
5076
7425
5091
3548
2913
6238
3133
7133
6208
3560
5364
3656
7194
4779
6776
7035
2427
4102
3326
2952
3706
3390
5626
3909
2657
4355
3498
4926
6046
4806
4481
6770
6259
5090
4528
4276
6247
6998
4967
5774
6730
2755
5811
5071
6699
6799
4124
1753
6591
6538
4921
2512
6554
5400
6826
3183
7017
6706
3051
5531
3626
1603
2403
7118
4659
3304
2669
7113
7182
6447
3452
5010
7008
6230
6223
7333
4035
6622
5378
6839
3218
7399
6350
6426
3034
6452
7387
2702
2487
1970
4728
6567
3384
2123
6859
6382
5886
3129
5432
2469
6815
4657
4043
5969
6320
3521
6441
6414
3610
3865
6386
5825
5801
6041
7364
6202
5322
3406
5303
4211
2801
6736
6358
3042
7114
5340
6800
7322
540
6131
3632
5815
6923
1608
4498
3469
6376
2721
7317
6351
6704
7095
4101
7400
5017
6634
6206
6971
6296
6681
6269
4869
3398
3021
6342
1769
4733
6684
3440
2795
6415
3161
3547
5759
6352
3369
1953
4065
2814
7392
3049
3573
5366
5578
2103
3096
4076
2765
4802
3785
5768
6073
1717
1962
6506
4646
3494
4881
6273
6619
3347
6274
3736
3080
7378
2677
6943
7196
5665
2799
7269
1643
6066
7405
5912
6391
6680
6399
2512
3036
7366
7179
4810
5393
4226
4831
6094
1605
6560
5758
2645
5290
7056
3408
5270
3340
4751
3174
4650
7275
5765
6344
3877
1221
4649
1604
5664
6081
3387
6045
6880
5659
6683
4263
2633
7071
3711
4605
6202
5031
2824
7112
3315
3163
4841
6294
6416
391
2402
7152
5848
2732
1501
4117
5750
1653
6799
613
5936
1755
2866
5979
1603
5463
4482
3490
4013
4960
6240
5222
4043
4314
7098
6417
4666
6352
3307
2943
214
4379
5229
3470
6420
6404
5113
2969
4875
6806
6707
3742
4041
270
4403
5141
6758
4471
5539
2931
4906
1605
6239
6687
171
2637
6159
4270
3381
4511
3787
5152
1549
6576
4669
5546
3152
6074
2628
4233
3821
3904
5786
5696
4816
1018
6441
4886
4725
7103
2785
5771
6186
5307
1607
6110
5147
6607
6816
4297
7056
3480
4673
6386
2860
170
5735
7018
3778
5037
5769
2910
6373
4633
3407
2609
7441
7038
6360
2189
4036
3796
7349
3731
4483
7295
4117
7275
3031
7102
6966
3331
3987
2023
4233
7383
3840
5747
2683
4717
6389
6826
4925
4069
4207
7154
6284
5499
4251
6020
6668
6894
3173
7284
6566
4445
4225
6993
3426
199
3901
6827
6718
6922
6334
6399
7272
2390
3641
4309
2979
4713
6372
4731
4856
5505
4777
5748
4885
4209
7098
3568
7231
7104
6697
3294
7081
7376
6722
4450
7053
6327
1311
6284
5923
6454
4002
3273
7040
7326
4234
7071
6743
3441
6194
6516
6294
6266
6653
2550
2954
7029
5308
748
5616
2612
5108
6187
6948
6509
3836
4716
5581
6371
2844
2494
3620
6112
3648
4325
6996
6355
5774
6185
7252
6685
4900
1609
6445
6371
6354
7052
2736
6338
5327
2084
3586
4922
6614
5316
6826
7231
1602
2611
4206
5812
6026
7447
4337
6920
2866
6195
6435
4719
6085
6912
1448
3411
5370
6498
6547
6331
6245
5677
1609
5408
3198
7305
4110
4525
3712
3187
7278
5781
6363
6302
5420
5445
6298
6266
6960
2475
3851
6313
6399
6066
2626
4310
5570
3560
2868
5172
3064
3343
6314
4930
6245
5120
262
2847
3180
4059
3348
6457
5904
6472
3402
6954
6974
4761
3271
6486
4559
6399
6906
4297
6590
1825
6878
2856
6285
6837
2897
3776
6209
6416
6727
6231
6129
6504
5391
6291
1993
6269
6687
4103
6724
6256
3734
5306
3478
3327
4210
5970
4768
6863
6211
3671
6686
6280
7101
4569
4706
2514
6230
6557
2105
3150
3434
238
4005
7356
7336
6537
694
6594
6436
2903
5204
6687
6809
3338
3558
6610
2745
5345
5837
5916
6534
3242
3627
2957
2536
3247
6733
6246
5298
4163
7343
7063
4461
4749
5187
6606
6555
5976
6815
4789
6046
6351
3218
6255
2722
6007
3975
2017
4427
6654
7148
6884
4556
5545
7365
3776
5248
7048
1433
6505
6376
6759
6920
2909
5456
4796
5183
6491
5979
4945
5993
3107
2944
3395
3505
5230
7186
4546
5967
6074
2010
3867
4867
7093
6717
6297
6843
6798
5554
5811
3700
4241
2529
5576
6295
5745
5335
2901
6826
2679
6580
6359
7246
5967
2228
4429
5333
4316
5088
3326
7096
4705
1090
4932
4062
3602
6187
5350
6202
4228
6517
6539
4225
4311
6721
2975
4021
1633
6699
2692
6863
6822
6350
3100
3652
7140
4385
6763
4842
5335
5843
3796
6281
2205
6251
7009
3110
3683
4427
6461
6021
7194
6966
6988
4894
7232
4310
6999
3806
6848
6550
6358
1604
6363
3553
6937
4592
5837
7243
6831
2920
5306
3216
6679
4978
6245
3177
3018
3087
4207
6449
4715
4674
4088
6188
7135
7309
4508
6721
2370
2707
5600
4328
6839
7121
5780
2409
7330
5195
4202
3931
6869
3547
3716
3180
5670
4453
4308
6269
4344
6869
5928
6882
3548
6565
5966
6471
4891
2838
3427
2482
6078
2562
6102
5527
6928
6393
5717
5883
2523
3551
6238
7450
1732
7311
2646
4639
4207
2496
4049
3899
406
4797
1226
2699
6847
3505
7162
4710
4129
6509
6358
6240
3666
6594
6294
6399
3839
4543
2206
3277
1609
6606
2878
6470
5187
5267
2021
6581
7216
1365
5141
6681
6031
214
1819
2785
3655
7057
6913
6470
3929
1606
6359
7115
6956
6691
6612
5638
3776
2536
5427
4430
6510
3074
2835
5377
2822
6190
6008
5681
7091
2190
3271
4933
5398
2700
3989
4352
4426
3732
885
3239
4728
191
5121
6472
5371
7186
3369
2711
4926
3045
6663
4966
3347
4583
5119
5120
217
3342
3307
5520
2647
3139
5760
6420
7228
2701
7112
5088
3000
3151
7443
6687
6518
4093
6478
1605
6252
3777
3695
2511
6202
3849
2820
5528
6694
2931
5666
2776
3918
6088
4885
7264
1568
2831
3716
5560
6112
2204
5094
3472
4567
6189
5529
4177
6399
7242
3328
6940
6942
4948
6938
6710
4754
5397
4552
5979
3066
6862
4974
2095
3716
2910
2140
3001
6078
6912
5403
6327
3197
5528
3545
2888
5581
6778
2748
4995
6986
4968
6802
3530
4365
4088
3161
330
3800
7034
370
1609
6248
4438
4659
5595
7287
3564
7418
3766
6972
2503
5246
7282
4948
6359
6485
6301
4482
6544
7423
2801
6883
3710
7268
3695
7156
6639
5150
7008
3107
6509
6680
6245
6206
2502
214
5748
3833
7113
6881
3180
5036
3556
5876
246
4883
6151
6328
6889
6371
4130
5918
3768
3041
6949
5407
6280
3245
5174
5974
2020
3605
6253
4867
6853
7127
7312
4209
6686
6021
6484
3897
1609
3154
7363
3283
5696
5775
3426
5665
6395
3112
3610
5782
6498
4447
3548
390
179
6498
6257
1745
3949
3573
4866
3677
7394
7149
3371
4617
989
5849
4832
4926
5278
6476
4454
374
6611
4931
5774
3785
4428
2810
5505
7166
5630
6283
3184
7113
7442
2117
6194
3402
4832
2693
4074
3269
7009
5370
6021
6510
7036
5647
2689
4130
3522
6047
2368
6230
2613
6612
6234
3366
6458
549
3485
1877
2787
3375
5051
280
7046
4650
3932
7340
2930
4484
3185
4505
6001
5599
3442
6610
1603
5086
4117
2732
2952
7038
6765
5842
6390
5223
3075
6320
5002
6131
6581
7042
6651
3391
6289
6089
3281
7274
7271
6186
6239
6493
1996
2659
4941
6610
3996
6068
3361
5445
3194
2996
680
3390
5654
4607
3057
5128
4230
4170
5340
3195
7090
3222
7007
4939
6414
5896
6699
4666
7132
6236
4931
3547
3069
4939
6155
5057
3779
7114
5306
5423
5036
4987
4236
3327
6375
4702
3882
3452
3293
2558
6284
6256
6453
5362
2298
6482
7073
5996
7071
5206
6498
6888
1258
2473
3382
4968
6232
6709
5471
4535
6014
6836
4652
5918
7068
5378
6415
4398
4742
6695
3219
6991
6208
5272
6221
3787
6258
4657
3521
7453
6194
5356
6686
2745
7424
4087
4370
4466
5751
5653
6635
3991
3567
3783
3614
3231
7198
4095
6555
6605
6878
5592
7113
6564
2052
3574
3079
6360
1606
796
5987
5635
6336
4966
4673
4247
6251
3273
6839
4746
5316
5363
4989
4759
1607
5088
1919
6507
2792
3106
6699
4877
3219
6203
4133
4006
6392
5217
4923
6439
1608
3625
4461
4885
2085
6021
5652
4107
3333
7447
6852
3389
6377
1606
4783
7113
6217
5758
2487
6694
4702
6580
4103
7193
6755
6205
2690
1163
6378
2988
3766
6215
4671
4901
5846
6284
6035
3776
1651
3831
3684
7100
7097
3317
3933
4801
5641
1677
3993
5387
2700
3785
6981
2008
1529
4746
3142
3784
3101
691
4209
6203
2996
3669
6351
2766
3361
3320
5225
1676
5456
3557
4534
4234
5333
1603
3140
4975
1764
7420
4000
6251
7325
7232
6760
6646
7049
6245
4526
6577
1604
7050
5073
6751
5464
4731
6972
256
7127
1204
3326
3612
6499
5317
6215
5553
7375
6217
7129
6646
3494
7268
5142
3298
4118
6822
2528
4982
2479
2624
7060
2956
177
2491
7343
6732
4427
1604
3559
3557
4887
6186
3034
6287
6679
3366
2503
5599
3691
245
5150
4135
6888
3618
3194
4562
2755
4325
1456
6519
4690
4932
6266
238
6758
281
1886
5410
2645
3107
3882
7239
4337
4686
5319
3793
2490
2434
7164
6576
3337
4865
1600
6499
7272
224
4088
4674
7381
6230
6475
3689
1609
3975
4371
5748
6565
5527
2831
4321
4051
5154
5801
6865
6441
5847
7438
4628
2526
6234
3574
6500
5102
6693
7370
6506
289
2640
4624
7403
6296
6832
4879
6957
5388
6554
6531
4041
3654
2700
5989
6024
4975
3672
3902
4712
5500
4261
6312
6849
3769
6969
6136
7351
4051
5848
2933
5306
3625
4940
5995
2633
3342
3547
6734
5722
6600
7217
4389
7239
3339
5087
5037
6194
2113
7170
5911
7050
4646
6675
5751
6264
2644
2426
4966
5203
4946
3697
3780
4890
7243
2660
5297
2789
6783
6868
7169
2759
6092
1916
6706
5957
7220
5625
1875
7196
3019
6932
4919
3682
1791
6693
2869
6857
4649
6591
3151
3260
2710
3272
3746
4071
6302
2483
3511
3766
6470
4987
6330
7093
2582
3785
6472
5453
3839
6447
3316
6414
818
3147
1961
4318
4016
2626
3464
5079
6160
4136
3343
1608
2444
5496
3795
5573
2840
4547
6246
3888
955
7220
3446
5724
6964
2824
6919
7316
7303
4817
6215
5780
2527
7016
4280
7341
2655
3847
3768
5178
4952
5701
5877
6779
6847
3780
5308
7020
6351
3327
4703
2738
5582
2677
6856
7222
4820
3080
1944
7350
5780
4817
1600
6806
3337
1604
4235
2525
5847
7018
774
3685
4285
4782
6758
1604
4681
6252
5682
4467
2692
5896
5223
3513
7425
6494
2835
6266
4906
4267
2580
7061
3874
3531
6420
4005
3712
6908
7241
5151
6402
4122
1602
6414
700
1895
5408
3134
7103
7357
1952
4292
4643
2889
4095
4683
4094
5756
2513
5318
7042
2891
2690
4576
3210
6801
4497
4429
6196
4086
7344
2912
7009
2735
3987
6649
6254
2867
4066
3428
6186
7376
228
4593
7300
6899
6561
5428
2495
278
6847
2743
2468
7057
5855
6490
6151
5658
6156
5697
3262
3157
6399
7442
6344
6149
5596
5365
4938
3441
2821
5841
4777
7019
2494
6912
3832
6988
2981
7015
5374
2183
3075
6603
6716
3861
5687
7417
6111
7392
5089
2625
7035
935
4225
6240
6289
1979
6833
6079
2734
4343
3523
3118
6829
6100
1604
5536
6749
4859
4086
6714
7277
4650
6240
6944
2916
6856
3464
4429
4094
5753
7313
3591
3365
3023
2527
4078
2659
7147
5628
5619
3389
4158
3304
6267
6827
6452
5882
4554
6025
6332
4994
2996
6891
5325
5310
7218
3249
5801
6268
7252
5956
5143
3474
4156
7289
5194
4209
3347
4954
4935
3504
6052
2459
1604
3416
5626
7201
6913
6530
6132
4179
4439
5849
3662
7222
4483
1699
2984
300
3474
5121
6788
5101
243
2896
5526
4042
4418
3780
2342
7175
6792
1943
3746
6334
6716
6978
5181
6359
4493
6991
4974
5119
6090
4447
3676
5712
7065
5889
7336
5756
4668
4713
3632
7242
3559
3144
6748
264
6669
2168
3437
2704
6700
6944
3545
2602
2789
3054
7407
4307
3161
2605
4251
7320
6248
3799
6131
4556
6148
269
2855
4695
6806
2605
7417
4526
6803
4922
3199
5307
4322
7043
7041
6152
4044
3578
7462
5634
6876
4860
4496
299
4005
3352
4207
1681
6811
6203
4352
5190
5010
6686
5404
4656
6590
4315
2666
7087
2497
3057
178
3668
5561
7304
6696
7357
6525
6862
4217
3436
7228
4960
6596
7414
6783
7400
3508
6714
3677
3987
6629
6913
1680
4544
3335
7079
6454
4620
2956
7010
291
4614
5173
5097
6372
2666
3283
6686
7058
6209
6874
287
5353
5493
6260
6348
6353
2471
6556
3663
7030
4648
3684
4691
2479
4032
4322
6441
6488
2255
6355
5736
3566
5757
6680
5352
7091
2551
3024
5931
4021
283
3346
5316
7266
6570
2535
4156
2888
3469
4758
4356
5414
4938
3082
1076
184
5802
1608
4219
4448
6300
4437
6575
4856
3606
3383
2490
3470
4748
3128
1601
7353
6855
7133
4233
3508
5756
1687
5067
2579
4346
6470
6534
3573
3470
3254
4168
2384
4715
2658
6733
7006
7275
5653
6364
2833
5450
5109
4312
1606
415
4893
5846
3340
1608
6596
5222
3546
6794
3398
7273
7368
5184
1831
2867
7391
7045
1609
4647
7389
6753
5882
2230
3661
6834
3441
2812
6331
6826
4272
1940
3842
3825
7195
5832
5593
6432
5971
5986
6919
3857
478
3548
7322
4224
4866
1600
6948
5690
2699
6942
3084
4570
6584
4665
6963
4577
6333
7106
3618
2658
5756
6124
2188
7202
6704
2621
3306
6838
4358
4454
4426
5579
4660
2699
6477
6289
5751
6981
6554
6534
4894
2526
4696
3183
5476
3628
6494
828
5443
6763
4527
4537
5186
997
3726
4209
6599
3295
6041
2688
3058
4413
7097
2006
4562
5747
3413
6708
7353
6774
4727
6955
3806
7165
6352
2799
3240
7009
7243
4553
6524
6253
6820
6210
6186
6340
7103
3154
2679
4810
3040
2559
227
5086
2727
2976
4574
4939
3044
6247
4876
3106
3869
7033
4593
2861
5335
2822
7122
6188
6742
7038
5634
2986
2541
7018
6344
5746
4088
5783
6994
7056
2704
5492
3391
3187
6664
6853
4500
3216
3601
7034
5167
3936
6358
4024
3557
4580
1688
6506
3768
2469
3822
3346
6040
4669
6352
7223
3308
3497
2832
6919
6198
2765
5212
4647
5069
3225
1655
1607
6715
4094
3546
4648
6777
6849
5371
6580
5941
6730
7443
3052
6844
3903
2579
6230
6235
5591
1600
4592
6515
4675
7247
5235
5206
7110
4418
5536
6554
6615
6770
2581
5131
5067
6478
4282
6799
3567
3712
5385
3032
6295
7039
2894
6869
2336
1609
2755
1891
4657
6554
2396
6724
801
2376
6350
1942
4137
5600
846
6943
3986
2847
4762
3930
5962
5006
1608
7069
3075
5123
1700
7032
5536
3996
7303
4981
3456
4328
5016
3996
6922
3428
4727
3957
5883
5096
7447
5989
5333
2088
6316
2350
6420
1603
4207
4648
6435
7186
2524
6927
4071
2878
4896
3691
5815
6259
1626
4355
6802
6198
4228
5251
4440
6978
6472
3614
4921
6350
3777
6714
6389
3382
4686
5019
6495
2591
6231
6329
7051
2564
7276
6770
6247
6372
4966
6307
4200
3575
5256
5987
2051
6265
6362
5792
6309
4646
1609
6884
7288
5400
3172
6105
4392
6574
3910
6824
7072
3327
5968
3608
3988
6451
6295
5289
4704
3701
5687
5150
3386
6414
4209
6929
6194
7257
4537
4015
6775
3427
4343
4042
5117
3260
4893
4470
3151
6230
6635
7356
6760
4096
5194
6233
4704
2505
3701
5917
3217
6032
3998
2930
7217
7287
6721
6499
3987
5076
3470
5958
7403
6330
5101
5032
5176
6611
2534
3009
7281
6637
4534
3250
4702
5005
6972
4343
2932
2815
2571
5487
3512
6680
3925
4094
862
1519
3869
6763
4332
6263
5393
6140
4619
4314
6608
135
2614
5592
3627
5308
3683
5751
2618
4278
6268
6320
7105
3883
5230
309
7055
2767
2468
3401
7262
3988
7272
1605
1766
3205
3095
3701
5132
6240
4605
6796
3786
5452
4219
5946
196
4878
1633
2777
6727
6390
3504
6887
2416
2517
4007
4900
6883
6734
6268
3326
4821
2865
5557
3551
6240
3238
98
6954
4649
2636
6643
2337
5408
3670
6922
2833
6617
1607
3757
5927
5892
3777
4942
3179
5391
4537
4107
6363
5804
6714
3340
5410
6895
1601
7117
6591
7101
7217
4426
6436
7357
6706
6586
3574
5566
6039
5079
5538
5652
1833
6405
7343
6712
4713
2935
6547
6246
730
3240
4831
2470
6715
6679
6715
6277
6232
4253
6964
6575
5020
2550
6689
6295
3891
6238
2357
6284
6194
7278
6110
6371
4995
1757
2964
3767
3832
7057
1600
1602
5202
7224
6808
6699
6651
3407
5153
6771
3900
6215
882
5307
5161
3956
4888
7238
4622
7125
4949
5632
3801
6957
3825
5137
6499
4687
3726
3330
4439
4206
2781
5581
3051
5056
4274
3505
5351
3846
7095
6699
3326
3471
4745
179
5761
6393
2690
5786
4571
538
7143
6301
6426
6416
6417
3294
4680
3411
5146
6006
7162
3567
7207
4513
3683
6484
4342
4949
6694
3821
7131
5326
4774
6057
6095
2858
4216
3165
2715
6113
6131
1604
5885
3880
4321
2029
6978
5885
3638
6195
7218
7165
4116
5351
6274
2887
4449
6905
4882
3625
4975
3205
5364
5917
5326
4656
3725
4666
6334
7333
3161
7237
4429
7171
3117
6742
6421
5631
4523
4943
1137
2550
4271
3916
6931
6425
6545
5792
3875
6212
3778
7131
6445
3996
3304
3305
3654
1603
6435
6786
2740
3304
2732
4431
4783
7101
6305
2525
6096
3825
3733
3712
6580
3399
2981
6067
2036
6882
5797
6365
269
4382
4481
3163
7244
4721
1951
6705
3063
6188
6030
4173
3996
4656
2966
2565
4881
5087
1711
5600
4159
3065
4922
3618
7196
2507
3451
7376
6887
6686
3428
3578
5115
5375
2219
5201
5845
7347
6230
3911
5318
5020
5010
6300
6358
4340
2865
6253
3809
3139
5423
6209
2572
4059
6379
3128
6024
2988
2625
4922
7093
6844
5848
5297
2045
239
3737
2609
6267
4283
5180
5671
6420
3766
5937
6317
2514
5801
6705
3746
6390
4504
7452
3605
5855
1609
4073
3113
3337
4490
6354
6229
6822
6791
5980
7163
4889
3354
5517
3275
4300
5733
5133
3194
5167
3405
6746
3610
4997
6236
2676
1609
6692
3573
2490
6743
5303
6102
3867
7455
5127
3868
6320
3284
5059
6837
3272
2986
7362
6438
2258
3011
3173
6544
1755
2471
5616
4590
5414
5109
3007
4668
3700
6334
6387
4217
2767
6830
7332
1606
4574
4553
7193
6644
3657
6084
5546
7012
2747
4445
6084
5766
5826
5538
2121
2151
6943
6868
6279
6491
4506
6519
6069
6393
5628
4046
5470
3979
3573
3987
6636
5880
6274
7277
7033
4945
5092
7377
3779
3435
6296
4456
2482
2856
2488
2944
6841
7172
2944
6459
6058
4439
6110
5785
2569
6558
3462
3316
2702
2949
5114
5325
2672
2767
5391
4436
5899
2688
5087
4230
4207
3991
5378
6921
5680
2612
6033
5749
6241
2685
4067
5329
4886
5554
6549
7190
4790
6679
5948
4094
7138
3188
2668
6051
5892
3008
3251
6460
3679
2732
2495
6324
4321
1720
7282
5605
5750
6038
2636
4612
3405
5317
6220
3876
550
6901
5968
220
2812
6753
7132
6652
2986
5476
7239
4102
2481
4580
2814
3952
1839
7120
3800
6510
3327
2847
7240
6646
3349
5595
4801
4479
1609
7154
3940
3925
1606
5406
2690
4895
284
5627
5724
7355
3334
6883
6069
4875
4017
7256
6665
5169
4077
1952
6631
3392
4675
6749
7350
3824
3346
1606
2626
5167
6754
5051
7380
6925
3646
3363
1600
7219
728
1604
6883
4008
2904
5027
4050
6398
4666
6399
1475
2622
6577
5630
3758
6479
6459
5160
5780
7149
4931
4715
5191
5711
5316
5416
7255
6371
3342
6381
6576
6575
6858
3662
2658
2470
6220
4893
7003
4386
5976
6189
7355
7238
7035
4646
4701
3217
4330
4286
4454
2514
4042
5113
4013
3456
6965
5342
610
6186
3770
4094
6708
4089
6887
4631
3464
6004
6239
6231
6909
2126
4987
6376
4975
2921
4541
3336
3130
2485
6763
3466
6802
5309
2710
2870
7093
3346
3408
2148
5547
7024
1742
4208
5206
4006
6371
174
6661
3772
6988
6358
1709
2474
6686
196
6230
7330
315
5216
1605
6745
4505
2728
7368
3218
6804
4556
6852
5455
6864
3884
6629
3887
7198
5086
4977
6591
3162
5884
4309
6802
929
3946
4948
5442
4280
1602
6930
5895
4624
6236
7393
6418
2977
6976
7042
3866
6395
7117
4436
5573
7204
4602
6467
6557
6273
6263
2271
4006
4122
6882
6829
4846
3909
4116
6803
5421
2569
6358
6268
3941
6848
3694
6439
6186
3130
5108
5536
2825
5780
6918
3091
3132
7426
5189
5889
3081
2899
3917
2557
5143
7306
3172
7011
5758
6741
6577
4344
5186
4750
1603
6087
7022
2947
6083
7071
6133
5481
5883
6318
5765
7451
3881
4630
1755
2784
6318
3326
6777
6368
5140
2976
2711
1607
5152
7295
6799
2964
7101
6130
6252
6961
3470
6806
5167
7061
2845
5888
3240
4090
6450
2246
2800
1602
3700
1607
5471
5855
4452
2526
4393
6358
3151
5388
5420
2375
5670
4429
6110
2780
3625
6693
7036
2149
4187
1980
4207
6687
4526
7312
862
4234
5333
4006
5096
3920
6663
3090
2504
7272
6681
6863
277
6578
6187
7085
3161
6653
2952
3453
6714
3119
4531
3052
4747
6166
3620
6285
3716
6233
5326
6947
6630
7271
4217
6918
5182
7327
3989
6358
6135
6069
7295
7092
5618
6917
7008
1607
3568
5075
5030
1181
6284
6194
3591
6856
4216
7002
1809
6479
6301
6693
5976
2743
4755
6167
6755
1603
6763
2718
6239
5223
2735
7442
5662
6624
1634
3288
7069
5307
5097
3838
3264
1607
338
6723
6088
4984
3024
4867
2583
2554
6265
210
4490
6621
5977
4261
4868
5606
5415
2877
4382
6805
6248
6222
3614
7205
4343
4135
3075
3200
7228
6944
552
6906
5325
6133
6255
3556
7069
3003
4008
7061
3306
5581
2017
6021
3145
7198
6025
2074
2622
4046
5225
4453
6186
3225
5245
5348
6478
3106
6808
3601
6472
5526
2942
3026
6425
3731
2575
4460
6721
6743
4890
4460
6505
7126
6195
3930
6757
7209
5351
6797
4738
2926
7091
5364
3667
3253
7130
6420
6399
7233
6317
6701
6839
6480
6575
4206
5442
3909
2875
4660
3534
3990
7112
2217
6888
6115
7183
6021
5195
4343
4217
5222
3142
6922
6267
1605
3852
3274
6805
2944
7302
5929
2810
2666
6799
5537
6392
2083
6721
5493
6679
6990
2239
5371
3822
4161
5105
6711
1904
6528
6817
6386
6799
2769
6680
2628
6447
2526
4220
3344
5306
3512
5985
4043
6241
6576
5195
4719
3736
5771
3354
6837
6273
5088
7137
5985
7255
5591
6280
7227
5355
4014
7040
2217
2993
5585
5590
3348
6801
3277
6783
4046
3156
1699
6939
7002
6730
7012
7354
4005
1605
6295
2802
4095
4966
3801
5969
5536
4226
5987
6103
5546
5496
6901
4932
1603
6359
4462
5924
7157
2760
4278
3062
2726
3836
2490
5878
5795
4993
4157
2548
7025
4307
6902
2225
5311
5258
5141
2768
3551
6558
3999
7217
3197
5185
4194
3287
4676
4879
7293
5760
6103
4752
2933
6768
3856
6174
4233
6616
5817
6261
2638
3903
4340
4866
3223
3398
2815
6691
5036
4872
4676
6484
6381
7035
2006
6301
5370
4125
6722
5002
6196
3480
6652
4769
6847
6485
6618
3021
3263
6687
3905
6498
2088
5747
5902
3306
758
4938
7083
4792
6295
1934
3111
6995
6789
4426
7272
2964
4491
6615
6575
3010
2503
6416
192
6975
6581
7266
4537
5307
3371
6833
6924
3346
5310
5079
6963
3239
3560
2811
2794
7281
5202
3638
4437
2651
2553
4746
6601
4349
6806
2666
2898
292
6395
6565
6470
7102
6575
7314
1607
5966
4646
3395
6788
6404
7272
5384
5707
2897
6790
3123
3383
5261
6252
3466
2982
4867
3117
7087
6912
6425
3602
6562
3175
5815
1393
4461
5993
6996
6794
6206
7247
3806
4628
4446
4438
6698
3178
6145
6388
1772
7277
6744
4636
3055
7084
4893
2472
3208
4879
7240
3614
5319
6195
6141
6966
5261
5998
2655
2986
7380
6071
5838
6421
5847
3593
7363
7047
5443
7369
1603
3986
7117
3383
6689
3162
7455
3807
4871
3646
6041
7343
5421
6950
6897
2563
7209
4096
2865
7362
4657
3824
7231
6535
4436
6682
1609
247
2501
7098
5972
5160
7097
5531
4315
233
6240
5317
3684
2694
4233
6066
4903
6472
7286
6626
2567
4437
3384
7057
6414
2471
2699
2417
5582
6043
6238
4136
2909
3120
3465
3622
5342
2966
4761
3089
4711
6382
5591
7051
7240
6022
4761
3327
4230
2515
990
3084
7329
3250
3284
4602
6686
7193
4087
2721
7274
5319
5759
5086
1609
6342
5295
2323
3275
5092
6485
6597
4648
6372
3362
4250
6274
4931
3605
4535
5113
6315
6526
7351
4338
3625
6496
3326
4073
6555
6764
3391
757
1600
7014
6227
7094
3313
7390
2886
3442
5044
5405
5629
2600
3155
5921
2878
6430
3150
6414
1952
4253
5408
3868
4432
6587
5150
3857
6999
4507
2481
4242
6748
5318
5546
5361
3329
1971
4254
5627
6021
6717
3018
6334
6001
6279
4790
6441
3654
1046
204
6894
3429
5821
2239
2574
2447
3802
3304
2277
6430
3231
2954
251
4926
6435
6748
7209
2923
6638
4673
2480
6415
1608
6682
6646
6798
6429
4554
3315
4541
212
2811
3095
3348
5669
4454
4657
4371
5780
3800
5367
3366
6561
6307
3816
2747
6391
4544
6103
7128
2776
6754
3284
5351
5372
5884
2713
4775
4782
3264
7149
3106
5096
5455
3024
3816
4315
4701
3139
7294
4117
3163
6580
7287
3953
2920
4882
6316
7410
6723
6908
6343
6268
4365
3778
6437
1789
4510
6330
6358
6388
5993
5819
4901
4750
3711
6921
3202
6069
6429
7112
2481
7056
5096
4974
1606
6651
5442
5872
4209
5271
6230
3222
6023
4538
1743
6573
5026
5274
6324
6170
4125
2523
3601
1609
2161
4162
3428
2834
3018
2426
4837
1466
6305
4584
6294
6805
4972
5585
2611
3670
4601
5545
2548
3249
5405
3606
7071
4094
2614
7014
6501
2434
1509
2776
3132
6610
2799
2590
3998
3336
4217
5873
6204
2752
3902
347
6386
4462
3465
6251
4119
599
3876
6674
209
2451
5829
4931
6561
6903
6187
3911
5222
1606
6826
4495
4928
3793
4627
3906
4877
4921
7304
3337
3183
2047
1044
3867
3168
6529
6192
2765
6300
1608
4001
6890
7217
7188
6484
5105
4674
7383
6205
6418
4736
1396
6267
5476
2816
7025
3123
6560
6884
4196
6837
5214
3795
3931
3753
5453
3470
4353
2700
6316
3549
5427
6584
7296
1597
6374
7251
7054
3363
2965
7023
3427
4294
6421
3996
4446
6742
4469
6240
6554
6253
5337
3435
4815
3548
4926
6834
6833
7097
6202
5355
2767
5406
6266
2889
5586
281
2679
5581
2729
3541
5272
4762
6376
6595
5312
7203
7147
3700
3327
6903
2359
6246
6535
7113
2944
2697
7016
2513
225
5998
7460
6187
6210
4357
1603
5910
6766
2759
6266
2631
6038
7112
287
4217
6157
6725
6575
6524
5408
6232
4137
2748
3464
2955
4783
6027
2553
4545
4553
5906
169
5137
6582
6589
7036
6246
6728
6300
4206
6653
2637
3473
4685
2689
6852
3690
4570
3475
6238
6808
3392
3382
5869
5352
2110
2684
5470
5847
6801
2600
1157
6763
7182
6953
4418
3261
1605
7193
6715
6196
4256
1994
6116
3626
6396
6460
4834
4216
6504
6915
5821
3306
6320
6576
6714
6188
2072
275
3999
4659
2943
7437
7067
3466
1970
1600
6471
4135
3482
6885
6652
1606
6051
6473
2919
6501
4172
5096
3548
1601
5447
2156
3254
5527
5662
1609
5279
7220
2295
4447
5090
6022
5086
4255
7311
4093
7364
6749
1600
3118
6215
3090
3267
3392
3558
2545
7161
3430
5371
6911
2655
6450
5616
2494
5825
6695
2502
3337
3883
4681
5980
4886
1766
5387
6688
4657
2623
1602
3228
3996
6409
3390
6360
5615
5606
4314
6500
5186
2670
6106
5003
6715
5256
6775
3019
5097
6655
2556
3621
3410
6107
1602
7042
2985
4790
7086
7285
5317
7173
6904
2705
3604
3169
5310
313
4133
6817
4609
6513
191
6860
5948
3612
5319
5105
3319
4877
5237
3515
4169
3352
2519
2689
5417
4922
4282
6686
5421
2985
4087
2512
4673
3996
5024
6232
3968
5407
7128
7195
5188
7089
6671
2732
5096
6307
4063
7222
297
6194
3875
4481
7320
650
3561
6315
3354
6201
4726
1951
2703
6205
5627
2613
4098
6198
3254
6571
1606
6499
6209
1809
5749
3106
4461
4426
4003
6500
3077
5955
5088
4564
5342
4652
5526
442
1604
7331
6231
6400
7027
6242
7061
2839
6423
4895
2920
2945
3557
5268
5222
5750
2159
6240
1962
1605
1026
3628
4703
3297
4123
3420
6805
6722
1242
6471
6263
4871
6245
5550
4398
5931
2831
6753
3304
7085
6721
3547
4425
4276
6725
3260
3738
6799
1600
1839
6498
3839
6386
6321
3959
3353
6993
3734
4526
4159
5188
5656
6658
6892
7198
6758
5262
6460
5272
3652
283
2755
4235
5242
6498
6437
4576
3824
2592
7238
5198
4427
4447
6971
2079
2682
3961
3336
3428
4485
6847
7074
6556
1769
7075
2661
3345
3820
5405
2557
6802
6382
4576
7010
3305
6473
5889
7093
7157
4025
4875
4210
6783
1604
3462
5445
6091
6680
6679
4316
3253
4527
4934
6540
3913
7277
2594
5846
6246
6479
1826
5409
6189
7445
5087
2500
3846
3464
6680
5361
6611
5152
2414
6960
7092
1606
7327
6695
4217
6537
1699
7384
6099
4371
2094
3093
2866
3141
3337
6519
3238
4915
6409
4242
903
5890
3896
1602
2785
5559
2502
2071
5449
2812
6652
590
2524
7075
7009
2977
4867
6560
4060
2726
4106
5747
4095
5261
2678
3399
3523
4904
5309
2255
5491
6237
6002
5572
6708
4410
4754
4015
7393
6051
6721
6554
6719
6962
5306
5966
5020
7396
1614
5372
6574
5615
1772
5664
3614
6641
7217
4358
4307
3716
6353
6087
6500
5299
6885
3613
6238
5974
2633
7170
7037
6195
1606
3612
5176
7421
6239
3337
6885
3206
3496
391
3800
4350
315
6939
6886
7122
4804
307
7273
5006
2184
3306
2887
6224
1603
213
2961
5636
6361
6847
1608
6554
5434
2524
6813
3872
6404
3337
2987
4701
6230
7076
6627
6462
214
5082
6289
6450
5802
7028
6507
4241
3632
6812
3493
1265
6351
5512
2754
6826
6957
4813
6779
6986
1603
7425
6893
7356
4666
4880
7412
5444
4908
5529
7460
4811
6937
4258
6194
4278
5526
4005
5819
4724
7072
3689
5899
5756
1613
3188
2753
7434
1650
2988
2712
4041
5306
5352
5783
1940
6195
276
7051
5537
6699
3547
7303
6980
6291
4505
3434
5806
5977
6026
2537
6893
2442
5340
1606
5238
2316
2057
6744
2674
1130
5948
7273
4983
7346
2166
6926
3829
6256
2884
2831
2225
3596
3574
6581
6957
6315
4701
4101
7357
3129
4216
2889
3646
7377
6805
3298
4675
6324
3996
3428
7054
2767
6450
5773
4217
6449
2680
3802
3409
6800
2291
4442
3063
2533
6246
5599
6595
5455
2504
5212
7252
6737
4127
7232
6334
4562
6481
4363
7059
1721
6186
2526
2909
3327
4491
5537
5994
6571
2722
4560
3023
6515
2790
2670
6668
2830
2538
3435
5321
6074
2140
6504
1257
6600
5959
6225
5987
2635
6394
4617
6622
2975
6437
6470
6554
3930
5480
6950
1607
4792
6275
6023
7305
3988
5475
5089
6356
6330
5223
4206
3789
4877
3882
4870
5480
6378
6043
5840
2908
6689
3656
5236
2050
4459
3117
6975
3182
6260
6376
6498
663
6768
5316
6231
4705
3390
3099
4110
274
6296
5585
6611
7151
5976
6297
4349
4117
7444
7035
5752
6251
6030
3129
6803
3930
4071
2530
6084
7436
7253
3243
6703
6203
5347
7177
7307
5251
4953
6232
4660
3768
4203
215
5627
4429
6209
5536
5899
6194
6478
5328
3430
1608
5960
6678
5802
6882
6782
7255
6955
6339
6213
6287
6076
4322
1774
2245
4866
6300
4666
5690
2844
6426
6230
4566
2634
6046
7009
3460
4464
6251
3840
6239
7096
6269
6897
3546
6772
3847
6534
6901
2744
6367
2746
3069
195
6760
7081
6688
6488
5634
4377
6705
3910
3345
6861
2927
6273
5177
2975
6627
7051
5968
7135
5306
5617
5663
6683
6294
5774
4971
5820
6582
6844
3260
2514
1600
6305
3161
6948
2910
6589
7024
4308
3381
3128
5969
6485
2977
6483
7112
4003
5526
5537
7100
6471
4101
7008
6943
5723
6824
4747
3902
7433
6727
4931
7284
6263
6322
1606
7110
2337
3051
3840
3390
6507
6789
3054
6593
6477
5695
3695
3339
6838
7014
6763
2414
4110
6295
3557
4206
2376
3587
6205
6385
6074
4020
3001
2159
3502
6207
6227
1626
5751
2838
4654
6352
6561
3272
197
6832
6578
3353
6723
7427
4825
5549
6727
1777
7004
3277
5952
3176
6284
5527
6195
6309
6231
4537
6204
5260
1604
6235
5097
7291
7112
3656
4461
4151
3204
6957
4898
3272
4211
2347
6266
5299
3108
3872
4641
3427
1692
3925
3821
7092
6545
6188
5854
2612
6489
2877
4867
5765
4350
5557
7022
6630
5481
2853
3007
5993
6833
6262
6715
4427
4754
3629
5228
6257
6283
6242
5325
2799
6429
5948
2162
6231
2440
4894
344
6625
7458
2922
1013
5846
1602
2684
4888
3818
5026
7356
5318
5601
7010
5357
1603
6024
3183
6230
4814
5475
4486
1346
4133
6268
3875
7253
2790
6077
7284
7157
5832
7288
4754
7022
6082
5818
4877
6238
6074
6019
6743
5526
4481
3194
6894
6284
2369
6232
7157
7035
6436
5419
4063
2636
1608
6743
4567
5541
6187
5165
3261
6906
6852
4809
3090
5177
6142
2893
7401
3133
2084
7099
5579
2539
6215
6943
6682
6473
3360
5406
4117
6302
4471
2706
6504
3601
5666
5370
6615
252
4702
7056
6972
5121
5534
4350
6735
4112
6233
3825
5649
6406
6334
4270
3011
3874
4923
3865
5992
2503
3597
4095
2766
2490
6367
3776
2633
6501
7413
3023
6366
7108
3864
6539
5099
6238
4088
4695
4651
6205
3029
2549
3282
5627
4482
7121
7325
6565
2839
7392
4908
6587
6719
6251
2519
5387
6051
7223
5780
1820
7096
6257
7368
7281
5181
5854
4014
4042
6356
2283
6246
7137
5421
6798
5408
2282
3866
5558
5649
4772
4316
3396
7136
6295
2978
4930
6267
4485
302
7034
4206
2494
3349
5195
5151
2941
4940
5892
6383
6818
3983
4405
5086
7343
1606
3574
6721
5993
6246
3139
3996
3194
2495
176
4569
7428
7326
7180
2589
4483
5818
7337
7393
4514
3212
6555
4667
6922
3153
6308
5171
6809
3336
1357
5016
3990
6222
5690
4192
1887
7038
3649
5202
2732
5229
4078
3655
6628
6186
1167
7428
3041
4483
6631
4811
6818
3707
4129
4842
3583
6991
2076
3711
6807
2633
4498
3089
6955
2637
6240
5044
6525
4570
4043
6198
6273
7077
6390
4087
2583
6584
3108
6186
4856
3654
7156
2919
7017
2481
3429
6832
504
749
3808
970
1312
3749
5931
3830
1603
5756
4115
6837
6285
4817
3556
2403
4226
5480
6316
6894
6620
3216
2887
2975
5592
5691
6376
2528
4499
1600
3233
4972
3222
311
3403
6261
4987
6803
5855
3848
6202
5581
2535
6715
170
6186
6431
4209
3306
4975
2886
5316
3617
2725
5099
6679
2603
7341
2164
6693
1974
6265
4314
5642
7263
3767
5905
6837
6603
3413
5680
6203
4617
4660
4227
7171
5750
3893
7092
4836
5120
3394
6471
4756
6520
3084
4893
4821
6460
5539
6841
4230
5740
4675
1602
6112
6472
1602
4729
3065
2561
6772
4440
1820
411
4797
6703
4231
2217
1423
4391
5333
7039
3802
6479
7367
3573
4721
5994
5158
5241
4796
4041
5659
5847
3973
4905
4877
7416
7041
4373
4657
7276
5107
6414
5947
4684
6590
6399
5042
6061
6566
2904
5979
73
3206
3840
6805
5585
6431
6157
3471
4806
7071
3469
7330
4227
4796
6805
5087
3762
4373
6351
6555
6209
2842
7009
5641
2725
4686
5491
6799
6534
1613
2710
1108
6499
3012
6649
4315
4886
6501
5382
4126
6679
5689
3960
6764
3993
2410
4094
7150
2778
3824
292
4273
5784
6774
2548
7242
4922
1963
5893
3573
6204
2898
5691
2648
6316
2966
6686
6900
4713
2285
4507
4691
4658
6198
6365
3648
2432
5626
4272
7242
3399
4603
312
4218
6727
3636
4656
2084
4015
3874
4893
5530
6033
4003
2811
4026
4221
2766
1607
3402
4793
2243
6387
7410
5703
6195
4869
6581
3822
5766
6474
2552
4752
6354
4673
2791
7239
2975
5497
3603
5988
4673
7095
2207
6753
2655
3587
5035
6883
3024
6915
4103
3150
7431
5087
2582
5477
3647
7281
1609
6988
5097
3536
6232
2646
3272
4691
6577
5406
3690
5976
5026
3073
4026
6612
4649
4392
7103
4007
3183
3337
5043
3401
2965
2722
6621
2923
6611
4272
3075
6227
3045
3271
4263
3647
6324
2699
5437
5391
4058
7265
2799
6686
3360
5557
3867
2820
4893
1606
7097
4659
6616
2710
6764
6380
242
5440
7386
4281
6833
3489
3019
7022
6272
6988
6495
6393
5976
2835
7139
6054
7237
2216
6727
7008
3620
4332
5810
3163
6350
4556
7435
6236
4582
5467
6203
4907
7161
4216
1609
2777
6413
3732
4221
5664
4322
5583
7357
6828
4306
3261
7152
7242
6324
6236
5100
3769
1607
4474
5246
7391
3385
2300
6852
6186
3316
6263
3619
4058
6305
4481
7305
5758
7061
6021
6806
6330
4796
3114
6415
285
3219
2955
4020
5306
4349
4746
7176
5821
5117
6721
1604
7293
6022
2831
6592
6985
2336
5634
5750
6218
5101
6300
6985
3129
4007
4483
3262
6478
6156
2471
2481
2886
4478
5461
1631
2835
3340
5986
4767
6230
3185
6440
3497
1604
6194
6765
2889
6242
6846
6197
6798
4945
2877
3472
4004
6374
2908
6927
5815
6864
5089
7351
6848
4877
4665
474
5877
5609
7279
6978
2658
4782
6580
6472
3864
4495
6848
6693
7074
6893
6717
7191
7212
6813
4073
4453
3305
4500
6745
6947
3682
4233
7093
6940
26
2862
1606
3119
5991
7046
3240
3348
4322
1089
2943
1600
7250
4485
6565
2909
6273
3338
1373
4681
7065
3096
5734
5408
6567
4541
5862
5536
6675
6337
6132
6582
5407
6280
2487
7356
6681
4347
2672
6369
5889
3036
6455
6349
7056
3227
7193
4399
7380
5152
6704
7272
6351
318
6852
4746
3825
6022
3096
5373
4974
3195
2977
6359
2007
2779
3997
6808
3329
2963
7380
2886
3833
7356
7323
6194
3383
5280
1602
3162
5967
3904
4782
6766
3340
1962
6368
2903
7061
4722
7071
5105
2816
4939
6371
2910
6187
4767
7007
6953
6736
3184
5195
5980
6220
3556
7060
6367
1822
6921
2739
2580
5947
6833
3443
5562
3297
3782
7156
5194
6950
6538
6833
7151
5968
7057
2886
4467
2846
5308
3567
6330
5931
3661
6555
1602
7029
6270
4437
4550
4728
6181
5675
7146
3062
3327
7071
6554
7054
5089
2703
6537
5901
6111
3986
2922
5651
4796
6513
4925
5648
2732
5978
2093
2059
3174
4868
2392
4930
3794
5560
7218
3626
6935
7042
3546
5961
999
6590
5488
6230
6091
7218
6961
2492
3986
6961
7129
4022
5642
6743
2129
1964
4941
3547
2545
2513
7115
3883
2699
3345
2878
5087
7010
7273
5791
2865
5317
2579
7304
2592
6025
4490
6296
6254
6494
1689
3654
6188
3326
4218
4659
6429
2235
4053
6437
2655
3687
4156
3618
6215
6828
5756
3251
6198
4822
5834
7252
5586
6844
6081
6189
6013
950
2138
2561
6686
6037
7365
5106
7336
3490
7122
6194
6366
2591
5462
2810
3275
7024
4428
4125
6920
4637
2987
4218
3987
5630
5799
4043
2733
6766
2744
4704
5819
7266
6549
2594
5036
2637
277
7366
2754
5416
3263
3332
229
6079
4490
5235
2856
7017
4867
4408
6625
5063
4867
6728
5757
2523
2525
2634
7059
5529
7438
4748
1930
1691
2990
6913
4270
5456
6521
6273
2568
4362
3164
3548
3825
7401
5099
2072
2463
6943
1603
6828
6611
6898
4051
3619
3826
4217
6292
6772
4296
2964
3767
3100
4571
3453
1624
3546
6352
4789
2779
3296
4022
6196
7146
5619
4007
6724
3386
1609
6311
7378
2540
1608
2679
5088
2811
3007
3806
3876
6800
5082
2481
6236
3663
5801
1958
7134
5526
3871
2622
6940
3785
4866
3470
6022
3021
3566
6749
4113
5813
6557
6187
6026
5498
266
3558
2086
3956
3349
4262
5627
3834
7323
1754
6189
6186
6051
6304
4767
4826
6088
2945
4949
4471
6391
5195
3997
6712
4602
7182
4901
6705
3337
5673
5346
5441
7277
7409
2009
6832
6359
5301
7058
2487
6248
2079
2923
1604
4869
2941
7149
3649
7420
661
2822
6041
2249
6217
5481
6890
6246
6284
6802
7218
5652
6886
6749
6387
6228
6021
6082
2699
2648
6320
7041
5406
1962
2834
6388
7089
2589
3341
6822
6501
6627
4549
5088
2684
4235
4821
1607
5031
4766
1896
2966
3684
6821
6483
2528
7386
5617
6206
3021
3276
2855
2582
1946
3174
4918
3385
4992
2481
4870
4952
2986
176
1608
5746
6460
6769
3557
6031
6964
2730
6068
6197
3262
4737
2303
2637
3033
3172
6432
5166
6371
3794
2468
4702
7061
1986
4571
7166
4187
4208
5529
4189
3162
4370
7023
4730
4266
5151
6780
6414
2578
4206
5037
3988
5397
4562
2964
4206
3206
7297
1792
6354
4013
6492
6878
6580
3502
7217
3263
6044
6353
6200
7234
6838
6687
1474
6700
6288
5765
4163
3777
6207
4436
4257
5999
5272
4820
7425
6440
3670
2523
6083
6483
6251
4520
4714
5121
5337
4978
7376
2655
3777
6938
6780
7320
4754
7238
7160
3673
3129
4090
72
3998
2734
7009
6386
6294
6088
4647
2666
6074
6350
6435
3435
3583
6023
5213
3916
7269
5663
3905
5207
4219
1642
6686
6351
4070
1600
6778
6485
6728
3577
4639
3390
4801
5067
2472
6834
5399
3183
3722
2607
3800
5194
5318
6686
7041
6417
2179
7021
5884
6783
3401
4673
3249
6338
1541
5326
5884
7113
4902
5372
7207
5114
6717
5477
3739
2677
2028
6240
1610
5649
3887
4725
5994
6854
6205
5583
6740
6233
309
7057
4924
5766
2746
2568
3661
3822
3418
4945
6352
6800
2711
6360
3328
3858
6805
7043
3611
580
3356
4483
5090
6248
2084
3284
5076
3557
4440
6404
5855
4711
4931
7019
1812
5235
5985
4372
5189
4126
1606
4503
3808
3392
7302
5512
431
3768
6376
5308
6361
4449
6898
2425
6988
5378
4866
6203
2868
3326
5056
2343
6557
2683
2790
1900
6689
6565
4261
4270
2325
5675
4788
6799
6428
2878
5164
7035
2789
4738
2628
3767
1809
6926
3785
1601
3480
2217
7381
5539
6190
5043
2677
6927
3288
5701
4236
7237
5591
7181
4500
189
6483
3406
7431
5890
6507
6358
4511
7351
4312
3627
2906
4312
2603
3030
4278
2336
5372
7277
6686
3839
4975
2648
2589
7258
4271
6859
3464
4050
3866
6849
2159
5196
7107
5753
2944
3202
6581
2009
628
3962
4292
6263
3397
202
6021
5098
6611
6894
7327
6852
3981
7099
5634
7152
6146
3007
6521
2321
4705
4938
2792
7316
607
6656
6997
7412
3988
6952
2020
3777
6941
3265
7203
7316
5978
1830
4275
3767
6751
6207
4266
6457
3612
5030
1964
5683
5443
4286
6617
765
6822
5572
2602
6562
7105
2755
3131
6387
4391
3305
6215
5989
3574
5361
674
2814
3295
3547
4575
6317
1606
3999
2988
4376
5662
4928
1310
4396
4566
7057
6915
5613
6334
7442
6386
3769
6568
6176
926
5967
6903
7390
5767
6367
4562
3329
5056
4005
5126
4209
2655
4956
6136
7066
7362
7016
7069
5356
5407
6778
6622
6680
5087
2029
3320
4021
6455
2204
5122
5196
3767
2036
2811
6722
5208
6635
3997
3381
6224
5976
3604
312
4556
7330
5947
3836
3012
3771
4617
5555
240
7410
5195
5005
4888
5233
6851
6202
2711
6300
2648
4448
6556
6389
6885
4687
6230
1601
7458
7316
7238
2120
7347
4315
5186
5386
6365
6350
3466
5461
6478
4307
4096
6386
5163
1952
4657
5973
4718
6483
6478
6829
2898
6742
2565
4278
2920
6685
4971
2984
6826
5993
2923
1603
6693
4878
262
5677
4146
172
6024
4870
5366
7135
4993
2456
3437
2894
6681
6026
2778
5854
5970
6834
5702
4777
2502
4881
2568
7215
6387
6944
7277
3943
5988
4692
5749
6489
6241
7393
4895
3840
2470
4213
3303
5773
287
6974
6801
5801
5092
3326
2701
6898
6294
6009
3677
7061
6887
3091
7308
4696
7401
5634
4475
1606
5427
4533
6498
1601
5165
5114
4609
3056
1600
4006
4438
1821
1309
6186
5352
1608
6305
4541
6567
3444
4485
7075
7156
4757
2813
3123
4768
6043
1604
6357
5256
4051
2964
7096
2768
3140
4014
2716
3832
5053
2571
5571
7280
6237
6223
6672
4746
185
209
6294
5843
2505
7252
6489
7416
7044
6228
7178
6203
1095
7423
3019
4947
6230
6194
3885
6483
5543
6257
3051
7239
6823
3247
4267
6903
3355
4901
6826
2754
6284
7217
7264
4427
3558
6816
4391
3190
3613
3521
3640
4261
5704
5719
2831
6820
5256
3801
5349
3216
6329
7119
5409
5750
4101
5985
5537
3831
7192
6416
5885
4983
3152
3751
5969
6863
2927
4710
1610
5144
5145
6199
6313
5825
7147
1603
1303
6198
2215
7365
2810
7061
2679
4526
6454
3776
5133
3617
2900
2591
1603
6278
2776
4646
4974
1605
6082
1607
3625
6571
5384
3228
4048
4272
4275
4307
7231
1603
7261
3527
6728
2117
6826
3462
4434
7042
3987
6783
6805
2843
2637
6438
7323
4213
6252
3682
5307
6273
5372
4393
7430
3125
6547
5150
2908
2644
7137
5250
2503
5417
3356
3712
4877
2847
2387
5550
4181
2583
4537
2513
2503
4665
5141
6759
7089
5416
7179
5422
4148
2524
4718
7342
7157
5663
3879
5590
6480
3992
5105
2558
3774
7256
3710
6238
5655
5328
6501
6502
3677
2099
6814
5071
3051
4737
5089
5606
6194
1603
4453
3436
6195
2997
6787
2615
5685
6358
7117
4066
6195
7457
6889
7087
3546
1601
6389
5757
5598
1608
4174
3910
6742
6950
2919
4714
7332
6039
7025
6624
6268
5664
6077
6420
6521
2536
2315
2935
6284
4760
6305
5166
3989
6327
5109
6883
6404
6679
5967
5087
4741
5940
5002
7344
6507
3786
5016
6814
2458
7219
6864
7128
6330
4440
4541
2225
5775
3169
6981
2944
6186
2339
7142
3768
6188
4976
4060
6321
6246
4810
6354
3801
4310
5943
1608
3128
7075
4460
6938
5421
5786
3432
1043
3355
2667
4701
7270
3238
6226
4014
3133
1997
2569
3456
4490
3426
4207
6360
6714
3846
2557
7318
4357
4395
3956
4122
3332
4211
5801
5087
7182
3717
2920
5740
6393
6258
6697
2820
5152
3106
7327
2787
7405
6832
6852
5363
5308
5019
5416
6358
5403
6399
6736
6714
3556
4298
3384
5757
3329
7358
7237
6500
6489
4606
2535
6476
3794
6039
6245
4811
2551
5005
5440
4673
4025
4142
2592
4552
4748
1608
2949
4532
5087
7097
5583
6258
3161
6195
7036
2931
6463
4721
5904
5676
6969
2747
5251
7392
7253
7041
5392
6693
1608
6845
6125
5727
2483
3327
2787
2513
5500
7149
5589
6388
4208
7103
5528
4463
4329
6395
6484
6436
5203
7411
5421
4930
4815
7402
5652
3286
5537
7129
5133
6489
7354
1600
1604
6543
6714
6041
7102
5635
6785
7156
2623
3887
3129
2864
5746
6680
6436
3336
3326
5179
6682
4294
2887
4482
5890
5527
6883
6812
1604
6001
3800
228
5178
7308
6248
4014
5309
4499
5428
6350
4270
7001
6316
3217
4647
3264
4206
4131
5414
3460
2756
5900
3648
6905
6344
1607
3250
3699
5055
5235
6369
5713
6520
2710
3846
2758
6342
6199
3515
6193
4427
3238
6202
6220
5970
7113
4426
6848
5321
7119
4374
1441
3780
3667
4616
4686
4536
4666
2963
6804
5773
6426
7020
4447
5526
5311
6334
3778
6376
2711
1607
7398
1886
1605
5746
7055
2560
3623
4596
7172
3053
4574
1607
4447
3041
6205
4719
2755
7149
7262
2909
3621
2147
5746
6686
4866
6900
5547
3900
3488
3386
2578
7309
5641
3227
6041
4078
3225
6041
4085
6347
6316
3785
6211
2682
3933
3252
3185
7055
5822
6826
7313
343
5408
6519
3646
2514
1947
7091
6031
5627
5887
4235
6238
625
2073
4443
6477
6068
6665
6753
6241
7106
3548
2525
1605
2787
6104
6728
342
3573
7035
5469
4968
4893
5326
6701
